RMSE: 13.928463525710074
R2: 0.6583899146861732
MAE: 10.729971935686065
